80
162
250
343
446
558
684
830
1005
1234
1658
2981
3086
3140
3170
3180
3190
3177
3152
3098
2997
2728
930
862
821
798
782
767
752
737
722
708
694
680
667
655
642
630
618
606
594
582
572
560
549
540
530
521
511
502
492
484
472
467
456
451
443
435
427
421
414
407
401
394
388
381
375
369
365
358
353
348
343
338
333
329
324
318
316
311
311
305
303
294
292
294
293
289
277
272
298
278
271
268
262
256
254
248
237
239
231
230
234
227
222
221
219
216
212
212
205
204
201
198
198
194
194
191
188
183
179
180
178
174
170
170
168
166
162
157
159
156
154
151
149
147
144
142
141
138
203
211
185
170
184
143
135
130
104
94
92
80
83
82
84
88
89
84
74
81
89
76
80
85
83
81
76
78
80
78
77
75
72
71
70
68
68
66
59
63
61
51
57
56
53
54
50
51
48
46
47
46
41
41
42
41
39
39
37
36
34
34
32
32
31
29
29
27
27
26
25
24
22
22
22
20
20
19
18
17
17
16
15
15
14
13
12
12
12
12
10
10
10
9
9
8
8
7
7
7
7
5
5
5
5
5
5
5
5
5
5
5
4
4
4
3